// VRPPDTW 1 hour 40 orders, 9 stops
// 1 row buses count, 2 row orders count,
// ORDER: new Order(idPickup,idDelivery,startTime,stopTime)
2
40
1;2;8,1;8,15;
1;4;8,0;8,15;
1;6;8,0;8,15;
6;9;8,0;8,15;
2;4;8,0;8,15;
4;1;8,06;8,21;
4;3;8,08;8,23;
9;1;8,12;8,27;
4;9;8,06;8,21;
3;5;8,45;9,00;
1;2;8,0;8,15;
6;9;8,45;8,59;
2;4;8,0;8,15;
4;3;8,30;8,45;
5;2;8,45;8,59;
4;2;8,30;8,45;
6;2;8,40;8,59;
1;2;8,45;8,59;
6;2;8,40;8,59;
5;1;8,45;8,59;
6;9;8,0;8,15;
2;4;8,0;8,15;
4;1;8,06;8,21;
4;3;8,08;8,23;
9;1;8,12;8,27;
4;9;8,06;8,21;
4;3;8,30;8,45;
5;2;8,45;8,59;
4;2;8,30;8,45;
6;2;8,40;8,59;
1;4;8,0;8,15;
1;6;8,0;8,15;
6;9;8,0;8,15;
2;4;8,0;8,15;
3;5;8,45;9,00;
1;2;8,0;8,15;
6;9;8,45;8,59;
1;2;8,45;8,59;
6;2;8,40;8,59;
5;1;8,45;8,59;